1072.3915843901586 0 15
3.955612019422221,55.514157179451665
290.518447116583,27.17807411293324
116.38510572689042,96.71246588537554
28.307131686051623,123.97511126812367
25.97976213916297,97.02717518026988
65.98930245598251,214.43868123663646
101.20567492302227,40.07966230940231
231.32461544367396,102.69172694278264
49.05414972290798,287.07359092113927
116.36746257214305,143.43579275462278
56.29817063004114,26.937948134178455
116.3762902946618,120.074128882899
201.33952743744558,237.55995128353925
139.79253844852676,22.02637381404054
53.417921777447994,103.18411571309694
5 14 12 15 4 9 11 2 13 6 1 10 8 7 3