1140.1189340039207 0 25
3.5552338207608916,57.09582876627975
291.5897490156542,26.163984481924714
116.44217689463838,100.48425397150368
33.92159509787437,132.62506571850997
31.926951845543403,102.76826090337926
59.62438685472577,202.52151037916704
99.7187591697954,41.53571176491787
231.80991236438894,96.80995510445466
47.57231644623594,283.99741309400065
120.52738853730932,130.05578323675437
58.66766090311137,24.817890753935856
132.99159276487353,120.12964097111093
199.65815881664997,241.85847063300727
122.13763826212724,22.471704497454283
36.47860259791074,99.03472584923863
24.986228085249582,40.23430298250557
203.8887058731909,193.7141533530344
220.01834642753246,119.87890601877123
53.59834302860714,243.25946074831364
121.20450552175794,49.29030997215492
109.73932735111133,71.36102222176706
247.02299124630352,129.84848037040075
283.86737989121127,64.0712960613466
103.81900316649363,250.59481405157456
71.42716696624021,147.5713206082742
15 8 21 25 4 19 11 18 24 3 16 10 17 7 5 1 22 12 9 14 20 23 2 13 6