1127.174176197476 0 25
3.6730691871598626,56.3618741181918
293.82600825424737,31.866500240253817
118.10902614808882,98.52480036200039
33.710092735454346,130.6095818346459
27.842894879206618,95.48924646892496
59.48502406302774,205.3498754287741
99.80015714622066,40.659237907979886
228.31235155418477,97.51970914628969
48.16543699270154,286.1295983817923
120.87819005195216,135.0777259091328
58.173878360075605,26.8238736272413
132.97601394872373,119.34336185785786
199.75065847924063,240.64642303189976
123.9605255636528,27.97024143193192
38.368210063256264,106.08435386202335
24.960771213749126,40.39417775228745
203.55188145703292,196.48088959594918
229.87700429312795,129.99924357447844
53.82523293791427,245.73973896401557
120.59162972444996,51.61140625905272
109.67370436453935,72.53366207281036
255.48253200756585,122.01456558179174
284.2378747970835,61.90308511495676
103.49179248317198,251.9512522229267
70.92908927242176,144.82554291395886
5 8 21 25 15 19 11 12 24 3 16 10 17 7 4 1 18 22 9 14 20 23 2 13 6